0 0 0

0 0 0

0 0 0

0 0 0

0 0 0

0 0 0

0 0 0

10 0 0

0 0 0

0 0 0

0 0 0

0 0 0

0 0 0

0 0 0

0 0 0

0 0 0

0 0 0

0 0 0

0 0 0

0 0 0

0 0 0

0 0 0

1 3 5

0 0 0

0 0 0

0 0 0

10 0 0

0 0 0

0 0 0

0 0 0

0 0 0

0 0 0

10 0 0

0 0 0

1 5 3

0 0 0

0 0 0

0 0 0

0 0 0

0 0 0

0 0 0

0 0 0

0 0 0

0 0 0

10 0 0

0 0 0

0 0 0

0 0 0

0 0 0

10 0 0

0 0 0

0 0 0

0 0 0

0 0 0

0 0 0

0 0 0

0 0 0

0 0 0

0 0 0

0 0 0

0 0 0

0 0 0

10 0 0

0 0 0

0 0 0

0 0 0

0 0 0

0 0 0

0 0 0

0 0 0

0 0 0

0 0 0
